0       19.597331
1       17.211555
2       17.457518
3       21.687703
4       25.053499
5       26.154220
6       26.383826
7       26.265064
8       25.037795
9       25.082825
10      26.342048
11      25.043394
12      25.941198
13      26.228105
14      19.660454
15      25.009613
16      24.578324
17      26.308814
18      25.514389
19      25.992049
20      24.855392
21      24.631016
22      25.539188
23      25.703019
24      26.788464
25      25.062959
26      25.875673
27      26.314198
28      19.795873
29      25.941152
30      25.044230
31      25.591117
32      25.476013
33      25.168852
34      25.234452
35      25.036791
36      25.644830
37      25.233127
38      25.633588
39      26.603653
40      26.041267
41      25.069797
42      23.893589
43      25.317076
44      25.750091
45      25.434079
46      26.377946
47      26.410494
48      25.196635
49      21.718065
50      25.905672
51      26.050054
52      25.402871
53      25.427974
54      24.927173
55      25.399962
56      25.098627
57      26.588703
58      24.221958
59      26.593379
60      27.028183
61      25.101111
62      26.695667
63      26.144803
64      18.164004
65      23.350142
66      22.957509
67      24.082395
68      25.810078
69      25.798143
70      26.432240
71      26.232422
72      25.104027
73      25.949964
74      26.199423
75      25.042248
76      24.875900
77      26.910436
78      25.834469
79      27.269193
80      26.033064
81      24.724797
82      26.185109
83      25.144023
84      25.027494
85      9.177094
86      25.990686
87      24.841501
88      25.737098
89      26.656241
90      23.936438
91      24.714655
92      25.442361
93      26.237799
94      31.266362
95      18.979542
96      25.195357
97      25.978774
98      25.846855
99      26.327271
100     25.048589
101     25.748041
102     26.238721
103     25.706261
104     26.999284
105     25.118243
106     25.891320
107     25.164407
108     26.080258
109     25.481349
110     24.634342
111     16.621591
112     26.567399
113     24.882152
114     24.446646
115     21.182155
116     25.832646
117     25.560477
118     24.460603
119     25.043169
120     25.529562
121     25.263422
122     25.966206
123     23.797132
124     24.986804
125     25.907468
126     27.377470
127     19.021491
128     17.640590
129     20.604810
130     23.249201
131     24.737580
132     26.972345
133     26.159844
134     27.034831
135     26.581676
136     28.775502
137     25.725732
138     26.964970
139     26.060881
140     6.023151
141     25.976375
142     25.098454
143     24.938911
144     25.960109
145     25.228205
146     21.050028
147     26.439385
148     23.742620
149     26.592384
150     26.250613
151     26.184119
152     26.837862
153     25.038051
154     24.962157
155     26.180622
156     25.047794
157     26.415775
158     25.657434
159     24.604440
160     26.091457
161     25.048747
162     26.353012
163     26.203385
164     24.748929
165     25.641053
166     26.525587
167     25.409589
168     25.422981
169     24.181029
170     25.913600
171     25.744723
172     26.448627
173     26.739739
174     27.017749
175     23.623317
176     22.864720
177     25.446847
178     26.367149
179     25.734564
180     24.873419
181     24.671082
182     26.259074
183     24.336375
184     23.946031
185     23.968541
186     28.406593
187     24.314009
188     25.603351
189     26.800644
190     25.692836
191     12.822722
192     17.979463
193     17.756898
194     17.392081
195     27.018849
196     25.638004
197     25.074649
198     25.153783
199     26.484721
200     26.541835
201     25.737612
202     25.710784
203     25.124852
204     25.181310
205     25.142025
206     26.097630
207     23.811654
208     25.152567
209     25.770737
210     24.907029
211     25.422975
212     25.543636
213     26.266051
214     26.406006
215     27.081171
216     25.029393
217     26.247259
218     25.027444
219     25.188708
220     26.363316
221     24.523170
222     25.368141
223     25.613121
224     26.745737
225     25.884339
226     26.435706
227     25.239592
228     25.356856
229     26.108339
230     25.391143
231     24.819213
232     26.112710
233     25.752767
234     25.083662
235     26.268720
236     26.714425
237     25.009625
238     25.010961
239     25.427901
240     26.029104
241     25.131046
242     26.173806
243     25.572616
244     26.371118
245     24.793832
246     26.876856
247     26.244344
248     26.611266
249     25.799267
250     23.897520
251     26.135891
252     25.829085
253     25.042906
254     24.346529
255     18.058795
256     18.259301
257     17.277405
258     17.118504
259     28.882691
260     26.767296
261     27.586591
262     26.077836
263     25.160685
264     27.053667
265     26.485349
266     24.429285
267     25.087926
268     25.091823
269     26.231951
270     25.024584
271     24.980143
272     27.002944
273     26.150588
274     26.811266
275     26.338319
276     25.760500
277     25.126707
278     26.909055
279     26.324743
280     25.750309
281     25.992007
282     25.628567
283     26.525438
284     24.395162
285     26.612907
286     26.817498
287     30.823329
288     26.710518
289     26.421327
290     25.444974
291     25.033787
292     25.371662
293     26.662514
294     27.453058
295     25.015080
296     28.281120
297     25.949820
298     26.817700
299     25.567103
300     29.616518
301     24.796410
302     26.694423
303     26.414825
304     25.732444
305     26.152784
306     25.041674
307     26.407818
308     27.034095
309     26.440583
310     26.140157
311     26.812881
312     24.197284
313     25.698524
314     25.424994
315     25.943401
316     25.926537
317     26.270729
318     26.201089
319     17.362846
320     25.989195
321     25.029729
322     32.862562
323     27.430513
324     23.627378
325     27.453744
326     26.541545
327     26.187743
328     26.445464
329     27.444161
330     27.549295
331     27.528879
332     25.900830
333     23.424028
334     26.951720
335     25.839676
336     26.721518
337     26.905061
338     26.430424
339     25.690851
340     25.543837
341     26.436866
342     26.020629
343     25.076048
344     26.043727
345     25.994217
346     25.858799
347     27.367933
348     27.151612
349     26.354247
350     25.526175
351     25.586874
352     26.606648
353     26.544227
354     26.430483
355     26.710760
356     26.140733
357     24.772668
358     25.951046
359     26.481141
360     25.339497
361     27.523548
362     26.659153
363     26.338069
364     27.767884
365     25.797082
366     25.017464
367     26.363053
368     27.104417
369     28.064772
370     27.648318
371     26.232978
372     26.758990
373     27.385433
374     26.143535
375     24.227660
376     28.851607
377     31.736201
378     27.163419
379     27.323754
380     26.333352
381     26.541465
382     18.557706
383     17.143053
384     19.008662
385     29.769118
386     26.503895
387     25.055701
388     26.801181
389     28.697488
390     26.617835
391     25.677250
392     27.514435
393     24.533794
394     26.447514
395     25.834673
396     27.146413
397     27.863639
398     26.250723
399     27.515925
400     27.408933
401     27.087275
402     27.352971
403     26.449923
404     26.940509
405     26.817956
406     28.341223
407     26.226994
408     26.370679
409     26.854623
410     25.113833
411     26.000584
412     25.503795
413     26.615303
414     25.907091
415     25.483788
416     28.151172
417     27.109443
418     26.718099
419     25.987896
420     26.877044
421     25.999191
422     26.071648
423     27.165614
424     26.430993
425     27.635938
426     25.671718
427     26.734439
428     25.121226
429     26.023855
430     25.997709
431     24.146928
432     24.757404
433     26.164423
434     27.001897
435     27.992287
436     24.848201
437     25.346880
438     26.741837
439     26.080627
440     26.551049
441     26.755687
442     26.711531
443     25.742350
444     27.093930
445     26.055308
446     19.767325
447     17.944278
448     17.849788
449     17.137340
450     24.834553
451     26.494330
452     24.314421
453     25.054830
454     26.683685
455     25.080754
456     27.370125
457     25.857550
458     24.438006
459     26.970594
460     26.048930
461     26.720359
462     25.126264
463     24.927897
464     26.098395
465     27.388462
466     28.096081
467     25.109250
468     26.176887
469     26.109840
470     26.503596
471     25.051455
472     27.814769
473     24.183909
474     25.216785
475     25.085061
476     25.058123
477     27.200354
478     25.912355
479     26.830158
480     25.918450
481     24.474136
482     23.942880
483     27.223914
484     24.634134
485     26.291482
486     26.206475
487     28.896742
488     27.224321
489     25.588471
490     25.131165
491     27.101684
492     26.552053
493     27.263669
494     26.298785
495     26.977811
496     24.743586
497     25.047954
498     26.627914
499     26.985907
500     25.707045
501     25.509066
502     25.533362
503     23.367073
504     25.039931
505     26.624142
506     27.859507
507     25.911753
508     25.084903
509     25.977275
