0.854262
0.916342
1.023538
1.007584
1.114044
1.093569
1.024679
1.119808
0.999144
0.907856
0.873651
1.013022
1.028738
0.885762
1.085687
0.976474
0.955085
1.170097
1.002694
1.168606
0.851050
1.198583
0.951142
1.110744
0.989706
1.020908
0.978060
1.141955
1.053530
0.978060
0.978060
0.978060
0.978060
0.978060
0.978060
0.978060
0.978060
0.978060
0.978060
0.972444
0.978060
1.669810
0.993963
0.921807
0.924451
0.983017
1.019523
0.861652
0.952206
0.883139
0.949555
1.175436
0.943815
0.985043
1.046515
0.916891
1.046679
1.017159
0.955362
0.836219
0.935093
1.071516
1.025507
0.988588
0.963737
0.866903
0.956012
0.923649
1.051535
1.032905
1.071851
1.094461
0.985102
1.090449
0.958795
0.947157
1.062154
0.961956
1.093906
1.046559
1.019645
0.982433
1.024948
1.155640
0.979116
1.019334
1.037464
1.099343
1.015285
1.056408
0.791982
1.025647
0.998034
0.902625
1.011951
0.901600
1.027345
1.089904
1.106525
0.859281
1.124086
1.025829
1.072641
1.128618
1.015079
1.079736
1.048239
1.036122
1.011839
0.949868
0.851724
0.911757
0.934518
0.978216
1.004838
0.977798
0.951856
0.831618
1.044944
1.060402
0.895513
0.925588
0.940909
1.005077
1.078002
0.969705
0.943202
0.930456
0.935153
1.059162
0.948981
0.916541
0.943578
0.959450
0.900772
0.847989
0.845043
0.981595
1.006266
1.082502
0.975800
1.041482
1.030070
0.895416
0.937067
0.860867
1.077265
1.296584
1.197732
1.098792
1.056686
1.179106
0.954186
0.998022
1.017591
0.946230
1.117112
1.120014
0.943211
1.048713
0.930732
1.025617
0.944381
0.953251
0.955736
0.882579
1.090740
0.902107
0.389884
1.161813
1.059509
0.921476
0.964063
0.916680
1.134808
0.960939
1.085345
0.963931
1.026351
0.958843
0.811161
0.991348
0.872914
0.293555
0.900153
0.945998
1.031879
0.974973
0.965258
0.941197
1.025643
0.997936
0.946881
1.053566
1.033093
1.048095
1.266901
1.106327
1.051772
0.894673
0.996265
0.863964
0.922385
1.105087
0.920337
0.929594
0.980977
0.888768
1.028506
0.325879
1.056542
1.085170
0.943986
1.001392
1.041847
0.871706
0.926024
1.065067
1.010054
0.932752
1.051928
0.978060
0.904324
1.061152
1.022747
0.929208
1.062481
1.203810
1.081922
0.898299
0.930929
0.971439
0.974809
0.939232
0.979035
1.048240
0.970780
0.994217
1.094081
0.967613
1.006928
1.166258
1.046137
0.857696
1.056135
1.019196
1.087413
0.841033
0.948573
1.006616
1.086408
0.914528
1.001663
1.120234
0.874780
0.904428
1.125914
0.896854
1.148649
0.945258
0.931104
1.043644
1.118312
0.967828
1.063572
1.024701
0.899627
0.854313
0.976027
0.884866
1.057187
1.027785
0.928263
1.106324
0.975958
0.908589
0.913386
0.862870
0.815526
0.990506
0.854209
1.055072
0.940914
0.922236
0.937030
1.061346
0.989845
1.047592
1.104037
1.094845
1.091365
1.138822
1.175919
0.900791
0.941056
1.101811
1.174073
1.098175
1.157986
1.144570
1.223512
1.036954
0.867331
1.014012
0.969570
0.899423
0.960151
0.956516
1.136004
0.906207
0.949684
0.978060
1.024784
1.113925
0.952765
0.978060
0.978060
0.998217
0.978060
0.978060
0.994488
1.046977
0.863952
1.578428
1.097437
1.043615
0.951527
0.844232
0.844077
0.906608
0.923878
0.843279
1.027791
1.105433
0.938424
0.882111
0.916602
0.937426
0.970159
1.077323
1.209640
1.187725
1.049669
1.160462
0.928445
1.051723
1.050019
1.156748
1.004933
1.068539
1.027508
1.010071
1.039457
0.978060
0.978060
0.978060
0.978060
0.978060
0.978060
0.978060
0.978060
0.978060
0.978060
0.978060
0.978060
0.978060
0.978060
1.059091
1.071895
1.000416
0.868779
0.888873
0.897064
0.913560
0.971484
1.148543
0.933226
0.984213
0.913916
0.979251
1.002457
1.058693
1.033177
0.839992
1.187676
1.186269
1.035280
0.956546
1.083511
0.941364
0.961878
1.070154
0.832498
1.066854
0.977016
0.993227
1.115280
1.113439
1.046539
1.168303
0.978060
0.978060
0.978060
0.927000
0.908214
0.978060
1.157620
0.896345
0.978060
1.010069
0.957723
0.925262
0.869858
0.900399
0.863756
1.008243
0.992307
1.153537
0.919749
1.022746
0.967077
0.957950
0.950191
1.035283
1.072492
1.009822
0.934778
0.992181
0.994600
0.987360
1.049744
0.893288
1.042579
0.968495
1.134484
1.047047
0.945157
1.078109
0.999400
0.975789
1.168353
0.891753
1.136541
1.314240
1.081156
0.966279
1.001069
1.068423
1.121576
1.077913
1.099916
1.110003
0.959182
0.725275
0.952302
1.000955
1.056796
1.097180
0.901951
1.031782
0.905880
0.836776
0.991830
0.899189
1.044110
0.984505
0.895418
0.888223
0.884404
0.979623
0.917319
0.227907
0.950319
0.945436
0.968514
0.918749
0.905953
0.965906
1.047454
0.914071
0.756707
1.081761
0.904389
1.011331
1.051263
1.357908
1.036488
1.011140
0.989172
0.929522
0.828877
1.053140
1.087197
0.985337
1.005527
1.107307
1.048783
1.115702
1.016061
1.154799
1.183857
1.011511
0.916854
0.959853
0.848115
0.963685
0.789933
0.892274
0.977157
1.088037
1.161004
0.963389
1.159367
0.968110
0.937679
0.937519
0.992731
1.096656
1.031162
0.890883
0.820120
0.982436
0.970617
0.976861
1.050078
1.047066
0.940267
0.885588
0.861894
0.882405
0.998222
0.862925
1.032246
1.013206
0.997217
1.031864
1.139341
1.062982
1.085384
1.125482
0.978060
0.986614
0.944428
0.966643
1.118405
1.026664
1.038257
1.301519
1.035469
1.132735
1.000896
1.081692
0.843507
0.989201
1.103944
0.970686
0.891180
1.068460
0.982509
0.920694
0.876713
0.990099
0.892669
0.902253
0.950296
0.870969
0.906001
0.748961
1.046218
1.052101
1.016583
1.051237
0.939846
1.157312
0.968238
0.925727
0.902673
0.913762
0.919343
1.126912
1.112570
1.131667
1.133903
1.043295
1.745819
0.831515
0.994901
0.976098
1.017162
0.844484
1.041438
0.886356
0.884558
0.875313
1.070248
0.860177
0.903291
0.887792
1.030089
0.863637
0.852903
0.806945
0.940250
0.953747
0.988767
1.027058
1.052995
1.000360
1.130561
0.901839
0.927932
0.987206
1.009777
1.083147
1.029430
0.846601
0.993980
0.882480
0.901847
0.984454
0.925084
0.994086
1.125508
0.959604
0.886120
1.074622
1.087227
0.978249
0.920668
1.134546
0.958468
0.930224
0.989914
1.213194
0.936112
0.914168
0.877678
1.184482
0.785318
1.045772
1.142621
0.991455
1.061532
0.946460
1.191578
0.919941
1.338209
1.010898
1.011366
1.235438
0.926993
1.089539
0.828829
1.020841
0.960128
1.090630
0.963519
1.004937
1.137382
0.937437
1.034464
0.972412
0.973852
1.054985
0.839916
1.047468
1.080940
1.075336
0.991995
0.846828
1.093837
0.897719
0.988738
0.986664
0.949056
1.007125
1.041116
1.187417
1.015045
0.978060
1.094848
0.978060
0.978060
0.978060
0.978060
0.978060
0.978060
0.978060
0.978060
0.978060
1.087529
0.978060
0.978060
0.917808
1.098052
0.988889
1.195876
1.177870
0.960163
0.817284
0.815783
0.916936
0.985059
1.043660
0.921229
0.907606
1.072174
1.098156
1.008283
0.996126
0.812397
1.107585
1.140479
1.034560
0.985726
0.905286
1.131061
1.057468
0.913858
0.956811
