0       10.931683
1       12.264553
2       15.797834
3       12.665172
4       15.182416
5       14.678289
6       13.311926
7       15.753391
8       13.914306
9       11.796158
10      11.401030
11      14.494586
12      14.319431
13      12.326001
14      14.552356
15      13.427872
16      14.571882
17      16.472600
18      14.884950
19      19.047237
20      12.538725
21      19.154453
22      13.687562
23      15.570533
24      14.168317
25      13.760293
26     999.999999
27      15.841367
28      13.808950
29     999.999999
30     999.999999
31     999.999999
32     999.999999
33     999.999999
34     999.999999
35     999.999999
36     999.999999
37     999.999999
38     999.999999
39      14.315808
40     999.999999
41      11.623543
42      13.820959
43      13.007461
44      13.177301
45      13.520069
46      13.779447
47      12.444728
48      12.420208
49      11.317095
50      11.726047
51      15.029337
52      12.883030
53      12.358560
54      13.239052
55      12.237598
56      13.526647
57      16.242480
58      12.275336
59      13.478241
60      12.879671
61      16.976645
62      13.614925
63      16.711066
64      14.068681
65      13.067645
66      14.503669
67      17.227024
68      14.378559
69      13.610181
70      14.024941
71      15.430499
72      14.143177
73      14.500549
74      13.916835
75      13.998125
76      15.410154
77      14.440852
78      15.707176
79      15.582993
80      14.555149
81      14.477489
82      15.106624
83      17.356110
84      14.198095
85      14.224347
86      14.365124
87      16.476511
88      13.436219
89      14.801692
90      12.181259
91      15.727019
92      15.989689
93      13.701728
94      16.400719
95      15.024268
96      14.428713
97      14.266303
98      14.640745
99      12.052027
100     16.060136
101     14.252392
102     14.588932
103     15.550652
104     14.180248
105     13.898346
106     13.613617
107     13.581651
108     14.618070
109     13.115819
110     12.224230
111     12.576406
112     13.479249
113     14.067671
114     13.714252
115     15.351628
116     13.513718
117     14.125067
118     15.122792
119     15.255092
120     13.629712
121     17.357380
122     14.531832
123     15.844896
124     15.915951
125     14.365948
126     13.669047
127     15.359684
128     14.188518
129     16.264824
130     13.504564
131     14.169750
132     14.458904
133     15.217694
134     13.939225
135     13.039827
136     14.153612
137     16.045305
138     15.739813
139     17.408336
140     13.963613
141     15.572917
142     15.838251
143     13.880238
144     12.996212
145     11.998129
146     14.387098
147     17.936431
148     16.833264
149     15.573029
150     14.515349
151     16.253480
152     13.057755
153     13.105676
154     14.004084
155     12.765185
156     15.171209
157     15.061267
158     14.306855
159     15.506740
160     11.918388
161     12.403625
162     12.453723
163     12.487820
164     18.169825
165     11.508120
166     14.626846
167     12.551908
168    999.999999
169     15.207467
170     15.096870
171     14.345858
172     14.726291
173     12.623367
174     16.212623
175     14.935442
176     13.831000
177     12.471087
178     13.697960
179     12.991243
180     13.861623
181     13.801547
182     11.968645
183      8.746767
184     11.675096
185     11.752706
186     13.727349
187     12.615299
188     12.494341
189     18.677100
190     13.794725
191     13.566334
192     11.991700
193     13.184551
194     13.754743
195     13.464379
196     16.564738
197     14.426956
198     13.593404
199     11.487192
200     12.821342
201     12.047748
202     12.623775
203     14.659054
204     13.091809
205    999.999999
206     13.168457
207     12.351074
208     15.645869
209      5.807199
210     14.607740
211     15.214986
212     13.316189
213     12.611484
214     14.241543
215     12.712594
216     13.493085
217     14.822461
218     13.908742
219     13.169585
220     14.737347
221     13.630193
222     11.912739
223     14.704770
224     13.597970
225     13.309760
226     15.115850
227     16.725564
228     14.486332
229     12.314900
230     12.590777
231     14.699312
232     13.233223
233     12.663834
234     14.883590
235     15.540394
236     14.935151
237     15.307017
238     16.277157
239     14.675184
240     13.727933
241     15.653521
242     13.877759
243     13.628644
244     15.557915
245     14.705721
246     15.737569
247     13.403282
248     12.715092
249     13.611837
250     26.745598
251     12.555967
252     14.498005
253     16.119513
254     12.365353
255     13.007019
256     17.102994
257     14.209622
258     16.117106
259     15.451272
260     14.590698
261     15.521633
262     17.039299
263     15.061341
264     15.193152
265     15.148268
266     12.911473
267     12.078669
268     13.507718
269     13.088336
270     14.722567
271     15.332095
272     14.382459
273     16.658274
274     16.275666
275     14.310679
276     15.036253
277     13.502479
278     13.035256
279     15.094407
280     13.506222
281     15.946042
282     14.341142
283     14.866975
284     18.979001
285     16.385032
286     14.084604
287     16.343105
288     14.774713
289     15.433729
290     15.350071
291     16.146436
292     16.220859
293     11.569022
294     12.660226
295     15.418926
296     16.683345
297     14.406494
298     15.683246
299     15.711853
300     16.784577
301     14.567954
302     11.938067
303     14.091726
304     13.914235
305     12.313701
306     13.091616
307     13.829895
308     14.936838
309     12.586155
310     13.463874
311    999.999999
312     13.530937
313     14.912321
314     13.428769
315    999.999999
316    999.999999
317     13.173497
318    999.999999
319    999.999999
320     12.500232
321     13.959747
322     12.033382
323     20.221386
324     15.717951
325     14.355434
326     13.944640
327     12.508681
328     12.900998
329     12.653327
330     13.362721
331     13.106052
332     15.390989
333     15.275355
334     13.670333
335     12.482095
336     13.348634
337     12.469969
338     15.171696
339     14.817328
340     16.389302
341     16.821645
342     14.290985
343     17.067731
344     12.200344
345     13.960778
346     14.073895
347     16.066497
348     14.109401
349     14.460533
350     13.427579
351     14.244923
352     13.481233
353    999.999999
354    999.999999
355    999.999999
356    999.999999
357    999.999999
358    999.999999
359    999.999999
360    999.999999
361    999.999999
362    999.999999
363    999.999999
364    999.999999
365    999.999999
366    999.999999
367     13.906886
368     15.352998
369     14.597882
370     11.737064
371     12.479081
372     12.776744
373     13.429997
374     13.390314
375     17.138520
376     13.991068
377     14.848310
378     14.508177
379     15.367629
380     17.500998
381     15.525012
382     16.340784
383     13.327189
384     16.694701
385     16.313206
386     14.656468
387     14.120037
388     15.552473
389     13.842789
390     13.188294
391     14.350566
392     11.807452
393     13.858486
394     12.999535
395     14.343910
396     16.892037
397     15.237141
398     14.763902
399     17.129753
400    999.999999
401    999.999999
402    999.999999
403     12.611927
404     13.510324
405    999.999999
406     22.621253
407     13.663322
408    999.999999
409     14.335478
410     13.294402
411     13.462592
412     13.471626
413     13.199135
414     12.476500
415     14.944785
416     14.810183
417     16.141395
418     15.143414
419     15.444635
420     13.955611
421     15.671837
422     14.313796
423     14.821389
424     18.331478
425     14.683637
426     15.197303
427     16.687694
428     14.729240
429     15.158715
430     15.560187
431     13.542737
432     13.557719
433     12.299678
434     15.659628
435     14.057480
436     12.160402
437     13.458688
438     17.966679
439     14.589690
440     15.267681
441     11.835112
442     14.628386
443     18.266373
444     16.199338
445     13.098168
446     14.361405
447     15.508388
448     16.401235
449     13.864557
450     14.848874
451     15.054186
452     13.620042
453     12.128723
454     12.342592
455     12.591438
456     14.670513
457     14.667307
458     12.514915
459     15.028971
460     12.048535
461     11.072177
462     13.449294
463     17.031156
464     15.081939
465     14.178211
466     12.947329
467     13.368199
468     15.571439
469     14.714675
470     13.718419
471      5.909413
472     12.755339
473     13.624622
474     14.631704
475     12.679288
476     13.239522
477     13.277196
478     16.171320
479     13.215208
480     10.591173
481     13.511787
482     12.199153
483     13.601961
484     13.577153
485     17.794395
486     13.769670
487     13.183755
488     13.339944
489     12.458938
490     11.332168
491     16.304233
492     15.780118
493     14.359613
494     14.385435
495     16.419963
496     14.657061
497     15.644515
498     13.978480
499     15.161953
500     16.619843
501     13.516975
502     12.767147
503     13.844309
504     13.001095
505     20.328362
506     16.453006
507     13.918870
508     15.176690
509     14.903501
510     17.587624
511     14.578867
512     22.181126
513     14.309692
514     12.859228
515     13.635921
516     14.042297
517     14.758448
518     13.963964
519     14.899442
520     12.243934
521     13.662127
522     15.345547
523     15.091319
524     15.289240
525     15.345851
526     14.862181
527     14.191228
528     12.191961
529     12.213281
530     13.468567
531     11.304388
532     13.035572
533     13.106652
534     13.133349
535     13.478723
536     14.669485
537     14.978981
538     14.054013
539     14.717025
540     13.943713
541     14.931681
542     12.405349
543     13.344294
544     15.591029
545     14.786735
546     15.128309
547     16.797168
548     14.234058
549     15.673557
550     15.810551
551     16.789224
552     11.888219
553     13.735248
554     15.820946
555     14.381226
556     12.865559
557     15.834841
558     14.200290
559     13.927416
560     12.063676
561     13.229525
562     13.046579
563     12.949011
564     13.427459
565     12.617033
566     14.294147
567     13.984673
568     15.667261
569     14.805704
570     14.507696
571     15.024959
572     13.533256
573     16.698508
574     13.560332
575     12.652033
576     11.668396
577     12.301405
578     12.320895
579     15.194930
580     14.834759
581     14.155210
582     14.938785
583     15.527472
584     28.503167
585     10.836978
586     13.551548
587     13.013378
588     13.931965
589     10.900797
590     13.537639
591     12.491269
592     12.567023
593     11.852998
594     14.853703
595     12.192840
596     12.283602
597     12.522554
598     14.864978
599     13.570735
600     12.148517
601     10.616458
602     13.185729
603     13.474878
604     12.728141
605     13.991867
606     14.193773
607     15.135117
608     15.914879
609     12.780127
610     12.303200
611     13.373770
612     14.788211
613     15.109451
614     13.891000
615     12.077731
616     13.909762
617     12.667569
618     14.157944
619     13.936509
620     13.623099
621     14.096266
622     15.801653
623     14.066896
624     12.848348
625     15.061821
626     15.626211
627     13.332012
628     13.146472
629     15.842689
630     13.037991
631     13.354022
632     13.988794
633     15.881131
634     13.143183
635     13.239023
636     13.587080
637     15.917363
638     11.400280
639     14.882297
640     15.753917
641     12.933976
642     14.032699
643     12.084844
644     14.943261
645     12.106639
646     16.152474
647     12.686044
648     13.405264
649     16.724717
650     13.278125
651     15.245785
652     12.732807
653     14.649631
654     14.025658
655     15.514968
656     14.495345
657     14.548587
658     17.073781
659     14.458751
660     15.403631
661     14.528678
662     14.487300
663     16.864046
664     12.583653
665     14.629198
666     15.790764
667     16.446726
668     14.688386
669     12.075928
670     15.844772
671     13.588235
672     14.779574
673     13.644183
674     13.389519
675     14.033386
676     14.370189
677     15.529174
678     14.813465
679    999.999999
680     14.649157
681    999.999999
682    999.999999
683    999.999999
684    999.999999
685    999.999999
686    999.999999
687    999.999999
688    999.999999
689    999.999999
690     14.988115
691    999.999999
692    999.999999
693     14.220865
694     14.977683
695     14.153640
696     16.787978
697     16.933696
698     14.227090
699     13.211843
700     12.888325
701     13.847727
702     13.897488
703     16.591074
704     13.241425
705     12.945557
706     15.630666
707     14.665045
708     15.196361
709     14.812063
710     11.030066
711     15.753447
712     17.701757
713     15.404002
714     14.593491
715     13.968057
716     17.482003
717     15.669129
718     13.531595
719     14.332819